1,22-11-2020,Ali
2,13-10-2021,Saleh
3,05-05-2022,Manar